0.00000	0.00000	0.00000	0.00000
0.00000	1.00000	3.97029	53.00000
0.00000	2.00000	0.00000	0.00000
0.00000	3.00000	3.93183	51.00000
0.00000	4.00000	0.00000	0.00000
0.00000	5.00000	4.00733	53.00000
0.00000	6.00000	0.00000	0.00000
0.00000	7.00000	0.00000	0.00000
0.00000	8.00000	0.00000	0.00000
0.00000	9.00000	0.00000	0.00000
1.00000	0.00000	0.00000	0.00000
1.00000	1.00000	3.97029	0.00000
1.00000	2.00000	3.98898	0.00000
1.00000	3.00000	3.98898	0.00000
1.00000	4.00000	0.00000	53.00000
1.00000	5.00000	0.00000	0.00000
1.00000	6.00000	0.00000	0.00000
1.00000	7.00000	0.00000	0.00000
1.00000	8.00000	0.00000	0.00000
1.00000	9.00000	0.00000	51.00000
0.00000	0.00000	0.00000	0.00000
0.00000	1.00000	3.98898	52.00000
0.00000	2.00000	0.00000	0.00000
0.00000	3.00000	3.95124	50.00000
0.00000	4.00000	0.00000	0.00000
0.00000	5.00000	3.98898	53.00000
0.00000	6.00000	0.00000	0.00000
0.00000	7.00000	0.00000	0.00000
0.00000	8.00000	0.00000	0.00000
0.00000	9.00000	0.00000	0.00000
1.00000	0.00000	0.00000	0.00000
1.00000	1.00000	0.00000	0.00000
1.00000	2.00000	0.00000	0.00000
1.00000	3.00000	0.00000	53.00000
1.00000	4.00000	3.98898	0.00000
1.00000	5.00000	0.00000	0.00000
1.00000	6.00000	0.00000	50.00000
1.00000	7.00000	0.00000	54.00000
1.00000	8.00000	0.00000	0.00000
1.00000	9.00000	3.95124	0.00000
0.00000	0.00000	0.00000	0.00000
0.00000	1.00000	3.97029	51.00000
0.00000	2.00000	0.00000	0.00000
0.00000	3.00000	3.93183	52.00000
0.00000	4.00000	0.00000	0.00000
0.00000	5.00000	3.98898	54.00000
0.00000	6.00000	0.00000	0.00000
0.00000	7.00000	0.00000	0.00000
0.00000	8.00000	0.00000	0.00000
0.00000	9.00000	0.00000	0.00000
1.00000	0.00000	0.00000	50.00000
1.00000	1.00000	0.00000	0.00000
1.00000	2.00000	0.00000	0.00000
1.00000	3.00000	3.98898	54.00000
1.00000	4.00000	0.00000	0.00000
1.00000	5.00000	0.00000	50.00000
1.00000	6.00000	3.93183	0.00000
1.00000	7.00000	4.00733	0.00000
1.00000	8.00000	0.00000	0.00000
1.00000	9.00000	0.00000	0.00000
0.00000	0.00000	0.00000	0.00000
0.00000	1.00000	3.95124	53.00000
0.00000	2.00000	0.00000	0.00000
0.00000	3.00000	3.97029	54.00000
0.00000	4.00000	0.00000	0.00000
0.00000	5.00000	4.00733	52.00000
0.00000	6.00000	0.00000	0.00000
0.00000	7.00000	0.00000	0.00000
0.00000	8.00000	0.00000	0.00000
0.00000	9.00000	0.00000	0.00000
1.00000	0.00000	3.93183	0.00000
1.00000	1.00000	0.00000	0.00000
1.00000	2.00000	0.00000	0.00000
1.00000	3.00000	4.00733	0.00000
1.00000	4.00000	0.00000	51.00000
1.00000	5.00000	3.93183	0.00000
1.00000	6.00000	0.00000	51.00000
1.00000	7.00000	0.00000	53.00000
1.00000	8.00000	0.00000	0.00000
1.00000	9.00000	0.00000	0.00000
0.00000	0.00000	0.00000	0.00000
0.00000	1.00000	3.98898	52.00000
0.00000	2.00000	0.00000	0.00000
0.00000	3.00000	4.00733	53.00000
0.00000	4.00000	0.00000	0.00000
0.00000	5.00000	3.97029	51.00000
0.00000	6.00000	0.00000	0.00000
0.00000	7.00000	0.00000	0.00000
0.00000	8.00000	0.00000	0.00000
0.00000	9.00000	0.00000	0.00000
1.00000	0.00000	0.00000	0.00000
1.00000	1.00000	0.00000	0.00000
1.00000	2.00000	0.00000	54.00000
1.00000	3.00000	0.00000	54.00000
1.00000	4.00000	3.95124	0.00000
1.00000	5.00000	0.00000	0.00000
1.00000	6.00000	3.95124	0.00000
1.00000	7.00000	3.98898	0.00000
1.00000	8.00000	0.00000	53.00000
1.00000	9.00000	0.00000	0.00000
0.00000	0.00000	0.00000	0.00000
0.00000	1.00000	3.97029	53.00000
0.00000	2.00000	0.00000	0.00000
0.00000	3.00000	3.98898	50.00000
0.00000	4.00000	0.00000	0.00000
0.00000	5.00000	3.95124	54.00000
0.00000	6.00000	0.00000	0.00000
0.00000	7.00000	0.00000	0.00000
0.00000	8.00000	0.00000	0.00000
0.00000	9.00000	0.00000	0.00000
1.00000	0.00000	0.00000	0.00000
1.00000	1.00000	0.00000	0.00000
1.00000	2.00000	4.00733	0.00000
1.00000	3.00000	4.00733	0.00000
1.00000	4.00000	0.00000	0.00000
1.00000	5.00000	0.00000	53.00000
1.00000	6.00000	0.00000	51.00000
1.00000	7.00000	0.00000	0.00000
1.00000	8.00000	3.98898	50.00000
1.00000	9.00000	0.00000	0.00000
